 3699
 6813
  780
 5700
 3849
 5411
  585
 7079
 5029
 4185
 4495
 3264
 2930
 6903
 5600
  706
 4469
 2743
  344
 1905
 5040
 7076
 5145
 1002
 1159
 1464
 4475
 3105
 2446
 2003
 1179
 1091
 1015
 3003
 4907
 2690
 5659
 1816
 1892
 1393
 2380
 1504
 4150
 5928
 6998
  668
 5285
 2488
 3576
 2090
 1021
 2583
 3345
 3680
 3179
 5101
 4013
 4869
 3260
 6786
 1333
 4771
 6502
 6172
 3781
 4440
 2564
 1074
 7079
 2587
 4469
 6705
 1461
  554
 5494
 5486
 1295
 3345
  267
 1652
 2842
 1709
 2550
 4392
 3188
 3317
 1583
 1569
  304
  462
 1495
 6008
 2346
 6108
 2857
 5187
 6786
 6708
  828
 5297
 5297
 2798
 3358
 4449
 2193
 5179
 3855
  668
 1011
 6095
  855
 2553
  927
  585
 5390
 6708
 5559
 2822
 2577
 4924
  475
 5194
 3358
 3354
 3264
 4007
 3173
  558
 3441
 6150
 5999
 3201
 5112
 4007
 6092
 3169
 1945
 5056
 3711
 2587
 3400
 1551
 2690
 3569
 2258
 4232
 4116
 3905
  591
 4615
 3650
  870
 3612
 1430
 6565
 4150
 3358
 1091
  841
 3215
 3095
 1759
 1450
 1176
 3323
  786
 4395
  272
 3419
 2049
 4232
 5288
 1796
 3248
 7030
 2553
 1661
 5742
 6427
 2190
 6322
 5869
  620
 3918
 3130
 3994
 5492
 6932
 1044
 3427
 1676
 2573
 3536
 3560
 1245
 1652
 6650
 5285
 3173
 6970
  304
 2413
  849
 6786
 1464
 1396
 3790
 6822
 2977
 2535
  995
 4007
 6796
 2587
  537
 1495
 2064
 6368
 3905
 5752
 2553
 3358
 3861
 5478
  822
  989
 1585
 1253
 5978
 4617
 5561
 2294
 5387
 1759
 1099
 2818
  471
 1228
 2804
  545
 5676
 5342
 1644
 6397
 3194
 4103
 1461
 1676
 4251
 4341
 5722
 1396
 2583
 7079
 4757
 1378
  684
 5303
 5517
 5676
 5297
 4915
 3248
 6813
 6269
 3326
  955
 5821
 5928
 2687
  441
 5073
 5727
 6740
 3264
 1050
 5517
 2288
  690
 2587
 1037
 6568
 6792
 5731
 5529
 5816
 6011
  753
 6830
  952
 2838
 1569
 6011
  516
 1202
 3098
 3813
 2300
 2416
 6307
 5483
  739
 1021
 3867
 5494
 1234
 6192
 2842
 4646
 3707
 2467
 5297
 1569
 4103
 6451
 3790
 6269
 3215
 2567
 6338
 2056
 6172
  927
 1107
 3958
 2242
 5589
  664
 6783
 2312
 4742
  961
 2598
 3747
 3179
 2073
 6756
 5216
 5335
 5048
 3317
 4232
 1495
 5966
 4839
 2446
 6728
 1393
 6355
 3185
 2662
 6768
 2727
 5681
 3584
 3264
  674
  777
 3326
 1637
 5323
 2788
 5847
 4807
  650
 2176
 6634
 6514
 4185
 2508
 1531
 1743
 2606
 4751
 2752
 4706
 6549
 3326
 4495
 5833
 4181
 5941
  642
 5120
 2515
 2475
 3571
 1524
 2564
 4027
 4904
 1065
 4861
 3381
 5625
  983
 2708
 1759
 1156
 2771
 4871
 6749
 5915
 5085
 1079
 5259
 1512
 1679
 1297
 3139
 1755
 2226
 3156
  806
 4238
 4076
 4495
 4525
 1424
 3326
 1354
  762
 3787
 5649
 1860
 5064
 4051
 2713
 4732
 5155
  737
 5486
 5297
 1621
 3796
 5727
 1054
  794
 3846
 3753
 4466
 6941
 7041
 6963
 3638
 5145
 1224
 4956
 3264
 3781
 3761
 1583
 4667
 6687
 4510
 5040
 4181
 4024
 3524
 2496
 6668
 4268
 6768
 3540
 4501
 5690
 5505
  668
 3629
 2145
 4318
  974
  267
 3513
 5171
 1185
 2622
 3358
 2629
  554
 5227
 6872
 3887
 2286
 3837
 4844
 5957
  768
 4534
 4715
 5093
 4469
 3391
 3620
 2542
  745
 5641
 1613
 1130
 6291
  534
 4260
 6414
 6957
 6211
 4878
 3735
 1215
 6619
 1491
  678
 1780
  935
 4516
 1679
 1148
 4059
 5608
 1788
 2167
 3095
 3861
 3188
 4683
 6529
 3829
 4709
 1837
 7079
 5104
 6953
 6887
 1424
 5778
 4042
 4296
 5537
 1341
 5906
 1759
 1569
 3790
  558
 2587
 1495
 2788
 1569
 2567
 3358
 3326
 1228
 2842
 5731
 4469
 2842
 4232
 4495
 4709
 2798
 2788
 4232
 1679
 3326
 4007
 5472
 5297
 1464
 2577
 1378
 4232
 3264
 3264
 2798
  585
 3188
 4232
 2553
 3264
 2587
 1228
 4185
 1054
 3790
 1228
 5297
  475
 5731
 2788
 3326
