30

0 1.7
1 1.7
2 1.7
3 1.7
4 1.7
5 1.55
6 1.55
7 1.55
8 1.4
9 1.4
10 1.4
11 1.4
12 1.8
13 1.0
14 1.0
15 1.0
16 1.0
17 1.0
18 1.0
19 1.7
20 1.0
21 1.55
22 1.4
23 1.8
24 1.8
25 1.5
26 1.4
27 2.1
28 1.5
29 1.5

0 0 3.45
0 1 3.40
0 2 3.15
0 3 3.40
0 4 3.40
0 5 3.10
0 6 3.10
0 7 3.40
0 8 3.05
0 9 3.35
0 10 3.25
0 11 3.25
0 12 3.30
0 13 2.45
0 14 2.80
0 15 2.80
0 16 2.85
0 17 2.70
0 18 2.65
1 1 3.40
1 2 3.25
1 3 3.35
1 4 3.50
1 5 3.05
1 6 3.05
1 7 3.20
1 8 3.00
1 9 3.15
1 10 3.10
1 11 3.10
1 12 3.30
1 13 2.60
1 14 2.90
1 15 2.90
1 16 2.70
1 17 2.75
1 18 2.45
2 2 3.10
2 3 3.10
2 4 3.25
2 5 3.00
2 6 3.00
2 7 3.15
2 8 2.80
2 9 2.95
2 10 3.15
2 11 3.15
2 12 3.30
2 13 2.25
2 14 2.35
2 15 2.35
2 16 2.75
2 17 2.60
2 18 2.55
3 3 3.40
3 4 3.30
3 5 3.05
3 6 3.05
3 7 3.25
3 8 3.15
3 9 3.20
3 10 3.30
3 11 3.30
3 12 3.30
3 13 2.40
3 14 2.95
3 15 3.05
3 16 2.65
3 17 2.65
3 18 2.60
4 4 3.30
4 5 3.15
4 6 3.15
4 7 3.30
4 8 3.15
4 9 3.15
4 10 3.30
4 11 3.30
4 12 3.30
4 13 2.40
4 14 3.05
4 15 3.05
4 16 2.65
4 17 2.70
4 18 2.70
5 5 3.05
5 6 3.05
5 7 3.05
5 8 2.75
5 9 2.80
5 10 2.85
5 11 2.85
5 12 3.20
5 13 2.20
5 14 2.60
5 15 2.35
5 16 2.60
5 17 2.50
5 18 2.50
6 6 3.05
6 7 3.05
6 8 2.75
6 9 2.70
6 10 2.85
6 11 2.85
6 12 3.20
6 13 2.20
6 14 2.60
6 15 2.35
6 16 2.60
6 17 2.50
6 18 2.50
7 7 3.05
7 8 2.75
7 9 2.70
7 10 2.85
7 11 2.85
7 12 3.20
7 13 2.10
7 14 2.60
7 15 2.35
7 16 2.60
7 17 2.65
7 18 2.55
8 8 2.95
8 9 3.05
8 10 2.65
8 11 2.65
8 12 3.20
8 13 1.80
8 14 1.95
8 15 1.70
8 16 2.45
8 17 2.45
8 18 2.25
9 9 4.15
9 10 2.55
9 11 2.55
9 12 3.20
9 13 1.75
9 14 1.95
9 15 1.65
9 16 2.60
9 17 2.50
9 18 2.50
10 10 2.95
10 11 2.95
10 12 3.20
10 13 1.95
10 14 1.95
10 15 2.10
10 16 2.60
10 17 2.55
10 18 2.50
11 11 2.95
11 12 3.20
11 13 1.95
11 14 1.95
11 15 2.10
11 16 2.60
11 17 2.55
11 18 2.50
12 12 3.60
12 13 2.55
12 14 2.55
12 15 2.55
12 16 2.55
12 17 2.55
12 18 2.55
13 13 1.85
13 14 1.95
13 15 1.95
13 16 2.10
13 17 1.85
13 18 2.00
14 14 2.45
14 15 2.45
14 16 2.20
14 17 2.25
14 18 2.20
15 15 2.45
15 16 2.20
15 17 2.25
15 18 2.20
16 16 2.35
16 17 2.25
16 18 2.10
17 17 2.20
17 18 2.10
18 18 2.05
